  ##################################################
  # [0.1921 not stable] knn 20 uniform 0719  [41, 2, 0, 3, 5, 13, 14, 15, 20, 21, 22, 23, 32, 33, 37, 40, 35, 4, 1, 6, 7, 8, 9, 10, 11, 12, 16, 17, 18, 19, 34, 36, 42, 43, 45, 46, 67, 24, 62, 26, 66, 65, 44,47, 29, 30, 31, 63, 51]
  # [0.192]  knn 40 uniform 0719  [41, 1, 13, 21, 33, 3, 31, 0, 67, 59, 35, 37, 9, 11, 15, 16, 34, 4, 5, 7, 36, 12, 40, 2, 6, 8, 10, 18, 19, 22, 32, 42, 20, 14, 23, 17, 43, 46, 45, 48, 53, 30, 50, 52, 64, 66, 62, 44, 63, 65, 47, 51, 49, 28, 56, 55]
  # [0.1920] knn 60 uniform 0719 [41, 58, 66, 26, 1, 2, 4, 5, 6, 9, 11, 14, 17, 18, 23, 32, 33, 35, 37, 0, 67, 30, 31, 63, 62, 65, 3, 7, 8, 10, 12, 13, 15, 16, 19, 20, 21, 22, 34, 36, 40, 42, 43,44, 45, 46, 59, 52, 48, 50, 53, 64]
  #
  # knn 20 uniform 0815 failed
  # [0.1932] knn 40 uniform 0815  [40, 63, 31, 0, 1, 2, 3, 4, 5, 6, 7, 8, 9, 10, 11, 12, 13, 14,15, 16, 17, 18, 19, 20, 21, 22, 23, 32, 33, 34, 35, 36, 37, 41, 42, 43, 44, 45, 46, 59, 62, 28, 67,30, 48]
  # [0.1930 stable] knn 60 uniform 0815 [40, 45, 43, 36, 7, 19, 35, 13, 30, 31, 67, 59, 62, 0, 1, 2, 3, 4, 5, 6, 8, 9, 10, 11, 12, 14, 15, 16, 17, 18, 20, 21, 22, 23, 32, 33, 34, 37, 41, 42, 44, 46, 66,65, 63, 48, 51, 53, 64]
  #
  # knn 40 distance 0719 failed
  #
  # knn 15 distance 0815 failed
  # knn 30 distance 0815 failed
  # [0.1922]  knn 40 distance 0815 [40, 41, 42, 24, 62, 67, 47, 63, 65, 29, 66, 1, 2, 3, 5, 8, 10,  13, 15, 16, 17, 18, 32, 33, 35, 37, 48, 64]
  # knn 60 distance 0815 failed
  ##################################################
  # [0.1972] svr 0719 default failed [58, 42, 59, 28, 57, 56, 25, 36]
  # svr 0815 default failed
  #
  # svr 0719 c=64 [58, 42, 24, 39, 47, 59, 53, 28, 29, 34, 1, 8, 52, 48, 3, 50, 16, 9, 62]
  # [0.1943] svr 0815 c=64 [58, 42, 24, 25, 2, 28, 54,36, 29, 57, 5, 30, 59, 18]
  #
  # svr 0815 c=100
  # svr 0815 c=128 g=0.0625 failed
  ##################################################
  # rf 0719 [41, 59, 65, 6, 57, 67, 37, 38, 7, 17, 35, 20]
  ##################################################


  ##################################################
  # libsvr [58, 42, 59, 49, 52, 56, 29, 55, 50]
  # libsvr from 0801 [58, 42, 59, 23, 28, 56, 25, 52, 35, 61, 29] 0.1983
  # libsvr from 0815 [58, 42, 59, 13, 28, 56, 25, 52, 35, 61, 29] 0.1985
  # libsvr from all  [58, 42, 59, 28, 57, 56, 25, 36] 0.1972
  # KNN [60, 64, 63, 31, 35, 66, 25]
  # rf [61, 40, 30, 31, 0, 1, 42, 36]
  ##################################################
